-0.23485
-0.2304
-0.22515
-0.22265
-0.2191
-0.21745
-0.21595
-0.2128
-0.21015
-0.20855
-0.20995
-0.20935
-0.2094
-0.20745
-0.20735
-0.20745
-0.208
-0.2085
-0.20815
-0.2074
-0.20565
-0.20455
-0.2047
-0.2057
-0.20635
-0.2069
-0.2063
-0.20545
-0.206
-0.20655
-0.2073
-0.2077
-0.20735
-0.2088
-0.2111
-0.2136
-0.2168
-0.2206
-0.22375
-0.22685
-0.2308
-0.2354
-0.23885
-0.24065
-0.24135
-0.2427
-0.24535
-0.2482
-0.25085
-0.25355
-0.2555
-0.2569
-0.2599
-0.2639
-0.26785
-0.27
-0.27015
-0.26965
-0.2693
-0.2703
-0.27015
-0.27045
-0.27045
-0.2688
-0.26765
-0.26905
-0.27195
-0.27555
-0.2795
-0.2819
-0.2854
-0.2902
-0.29585
-0.30395
-0.3118
-0.3173
-0.3187
-0.31745
-0.31585
-0.31495
-0.3116
-0.30645
-0.2998
-0.2897
-0.2784
-0.2665
-0.2577
-0.251
-0.24405
-0.23585
-0.22885
-0.2205
-0.21185
-0.20585
-0.20045
-0.19615
-0.1932
-0.19105
-0.19
-0.19155
-0.19425
-0.1993
-0.2055
-0.2107
-0.2152
-0.2195
-0.2232
-0.2251
-0.2252
-0.22235
-0.21935
-0.21465
-0.2099
-0.20385
-0.1965
-0.18785
-0.1761
-0.16355
-0.1518
-0.13885
-0.1189
-0.09255
-0.06145
-0.0318
-0.00469999999999999
0.0228
0.04495
0.0647500000000001
0.0837500000000001
0.1
0.11125
0.1168
0.11995
0.12725
0.1355
0.14455
0.15575
0.16725
0.1796
0.19375
0.2084
0.2245
0.24365
0.26165
0.2829
0.3043
0.32795
0.35445
0.3811
0.40805
0.4323
0.4503
0.4637
0.4796
0.4968
0.51515
0.5331
0.54745
0.5619
0.5751
0.5893
0.6047
0.6175
0.62635
0.62995
0.63015
0.62835
0.6278
0.62585
0.6242
0.62065
0.61695
0.61765
0.61625
0.6167
0.61735
0.61715
0.613
0.608
0.6064
0.6035
0.6003
0.5922
0.58405
0.575
0.5625
0.54885
0.53705
0.52855
0.51435
0.50185
0.49065
0.4794
0.46665
0.4501
0.43255
0.41465
0.396
0.37505
0.3539
0.3355
0.3143
0.2939
0.27455
0.2547
0.2367
0.21925
0.2014
0.1798
0.15895
0.1385
0.1188
0.0946500000000001
0.0719000000000001
0.0502000000000001
0.0330500000000001
0.0196
0.00645000000000004
-0.00599999999999997
-0.01855
-0.03755
-0.0558
-0.07025
-0.0864
-0.0981
-0.11315
-0.13
-0.1425
-0.1538
-0.16765
-0.17645
-0.1808
-0.1815
-0.18125
-0.1825
-0.18325
-0.18425
-0.1896
-0.19205
-0.19145
-0.19185
-0.19535
-0.2005
-0.2033
-0.20835
-0.2135
-0.2147
-0.21415
-0.21715
-0.22015
-0.22565
-0.2323
-0.23745
-0.24005
-0.24095
-0.24335
-0.2485
-0.2535
-0.25655
-0.25865
-0.2591
-0.2593
-0.2613
-0.26765
-0.2745
-0.28025
-0.2874
-0.2939
-0.29995
-0.30525
-0.30925
-0.31125
-0.3126
-0.3146
-0.31625
-0.3159
-0.3144
-0.31245
-0.3096
-0.3076
-0.3071
-0.30855
-0.3087
-0.3092
-0.3078
-0.3057
-0.30285
-0.2978
-0.29295
-0.28915
-0.28265
-0.275
-0.26835
-0.26035
-0.2534
-0.24875
-0.2451
-0.2463
-0.24925
-0.25115
-0.2561
-0.26065
-0.26555
-0.27045
-0.27535
-0.27995
-0.28265
-0.28415
-0.2821
-0.2797
-0.27525
-0.27015
-0.2604
-0.2515
-0.24385
-0.23625
-0.23035
-0.22535
-0.22295
-0.22105
-0.21945
-0.219
-0.2212
-0.2236
-0.22375
-0.22655
-0.2298
-0.23005
-0.23025
-0.23015
-0.2313
-0.23
-0.2298
-0.2289
-0.23075
-0.23105
-0.23105
-0.2342
-0.23715
-0.2395
-0.2356
-0.2342
-0.2349
-0.23575
-0.23585
-0.2341
-0.23255
-0.22745
-0.2223
-0.21915
-0.2214
-0.22325
-0.2235
-0.22325
-0.22365
-0.22595
-0.22975
-0.2347
-0.23755
-0.23885
-0.23845
-0.23765
-0.23855
-0.2391
-0.23855
