   1.3794721e+02
   1.3519061e+02
   1.3172680e+02
   1.2822580e+02
   1.2470960e+02
   1.2164244e+02
   1.1881571e+02
   1.1619367e+02
   1.1481547e+02
   1.1355688e+02
   1.1246961e+02
   1.1167460e+02
   1.1110806e+02
   1.1077221e+02
   1.1058095e+02
   1.1036408e+02
   1.1002807e+02
   1.0963962e+02
   1.0935422e+02
   1.0915312e+02
   1.0897835e+02
   1.0881940e+02
   1.0861286e+02
   1.0837903e+02
   1.0809245e+02
   1.0785496e+02
   1.0772038e+02
   1.0746787e+02
   1.0706746e+02
   1.0676119e+02
   1.0743076e+02
   1.0887206e+02
   1.1047645e+02
   1.1194982e+02
   1.1345422e+02
   1.1461952e+02
   1.1564277e+02
   1.1641890e+02
   1.1712805e+02
   1.1763769e+02
   1.1812280e+02
   1.1828186e+02
   1.1853612e+02
   1.1886799e+02
   1.1898952e+02
   1.1818575e+02
   1.1672991e+02
   1.1518379e+02
   1.1363179e+02
   1.1204988e+02
   1.1063110e+02
   1.0926603e+02
   1.0803189e+02
   1.0683310e+02
   1.0586963e+02
   1.0498455e+02
   1.0448610e+02
   1.0402871e+02
   1.0348018e+02
   1.0290104e+02
   1.0237165e+02
   1.0183255e+02
   1.0122078e+02
   1.0067824e+02
   1.0003829e+02
   9.9351588e+01
   9.8585292e+01
   9.7920817e+01
   9.7397801e+01
   9.6972569e+01
   9.6463636e+01
   9.5654727e+01
   9.4755596e+01
   9.3754644e+01
   9.2906708e+01
   9.2258385e+01
   9.1679215e+01
   9.1138964e+01
   9.0963026e+01
   9.0849248e+01
   9.0952863e+01
   9.1287910e+01
   9.1988993e+01
   9.2710518e+01
   9.3615573e+01
   9.4660318e+01
   9.6119870e+01
   9.7955506e+01
   9.9849707e+01
   1.0160604e+02
   1.0329995e+02
   1.0502336e+02
   1.0676764e+02
   1.0831241e+02
   1.0999462e+02
   1.1168346e+02
   1.1311680e+02
   1.1443887e+02
   1.1572768e+02
   1.1726937e+02
   1.1882678e+02
   1.2041338e+02
   1.2177439e+02
   1.2311042e+02
   1.2473037e+02
   1.2635292e+02
   1.2802898e+02
   1.2967961e+02
   1.3122752e+02
   1.3279240e+02
   1.3551285e+02
   1.4055949e+02
   1.4608110e+02
   1.5178984e+02
   1.5670362e+02
   1.6177205e+02
   1.6741273e+02
   1.7398756e+02
   1.8372730e+02
   1.9395039e+02
   2.0351746e+02
   2.1200382e+02
   2.2006037e+02
   2.2833022e+02
   2.3837047e+02
   2.4846321e+02
   2.5741846e+02
   2.6548721e+02
   2.7257620e+02
   2.7870971e+02
   2.8440999e+02
   2.8960161e+02
   2.9372077e+02
   2.9537273e+02
   2.9639580e+02
   2.9766973e+02
   2.9920979e+02
   3.0110205e+02
   3.0284275e+02
   3.0321875e+02
   3.0258148e+02
   3.0169727e+02
   3.0105046e+02
   3.0120519e+02
   3.0211997e+02
   3.0254985e+02
   3.0224347e+02
   3.0188149e+02
   3.0157282e+02
   3.0092127e+02
   3.0110617e+02
   3.0213201e+02
   3.0325497e+02
   3.0479316e+02
   3.0578586e+02
   3.0689185e+02
   3.0787056e+02
   3.0845209e+02
   3.0834934e+02
   3.0845226e+02
   3.0950796e+02
   3.1203156e+02
   3.1458383e+02
   3.1702525e+02
   3.1927776e+02
   3.2025329e+02
   3.2011920e+02
   3.1893626e+02
   3.1676596e+02
   3.1419704e+02
   3.1120562e+02
   3.0769347e+02
   3.0389858e+02
   3.0025094e+02
   2.9637717e+02
   2.9175722e+02
   2.8605143e+02
   2.8062534e+02
   2.7544348e+02
   2.7048527e+02
   2.6631748e+02
   2.6420341e+02
   2.6323409e+02
   2.6309892e+02
   2.6328947e+02
   2.6380507e+02
   2.6620594e+02
   2.7439863e+02
   2.8449094e+02
   2.9392009e+02
   3.0237267e+02
   3.1017372e+02
   3.1659887e+02
   3.2201397e+02
   3.2664028e+02
   3.2989878e+02
   3.3132850e+02
   3.3210814e+02
   3.3192535e+02
   3.3134522e+02
   3.3009620e+02
   3.2750183e+02
   3.2106144e+02
   3.1229710e+02
   3.0290471e+02
   2.9351070e+02
   2.8379811e+02
   2.7471339e+02
   2.6624548e+02
   2.5820483e+02
   2.5067874e+02
   2.4362091e+02
   2.3662768e+02
   2.3032396e+02
   2.2457843e+02
   2.1956540e+02
   2.1502855e+02
   2.1085847e+02
   2.0716190e+02
   2.0447667e+02
   2.0370723e+02
   2.0316202e+02
   2.0270645e+02
   2.0206756e+02
   2.0134821e+02
   2.0084942e+02
   2.0047288e+02
   2.0014372e+02
   1.9959525e+02
   1.9894024e+02
   1.9828751e+02
   1.9753551e+02
   1.9669175e+02
   1.9569519e+02
   1.9395543e+02
   1.9039616e+02
   1.8653626e+02
   1.8246099e+02
   1.7827069e+02
   1.7460949e+02
   1.7183630e+02
   1.6968710e+02
   1.6782474e+02
   1.6718466e+02
   1.6698431e+02
   1.6694406e+02
   1.6698295e+02
   1.6698145e+02
   1.6713627e+02
   1.6907014e+02
   1.7152342e+02
   1.7400229e+02
   1.7662776e+02
   1.7936901e+02
   1.8210850e+02
   1.8427962e+02
   1.8580989e+02
   1.8696722e+02
   1.8726387e+02
   1.8714221e+02
   1.8718140e+02
   1.8743855e+02
   1.8749984e+02
   1.8741898e+02
   1.8594016e+02
   1.8392314e+02
   1.8168141e+02
   1.7916313e+02
   1.7653378e+02
   1.7375031e+02
   1.7135175e+02
   1.6962658e+02
   1.6814894e+02
   1.6656117e+02
   1.6506435e+02
   1.6318170e+02
   1.6098691e+02
   1.5895475e+02
   1.5705600e+02
   1.5524342e+02
   1.5346055e+02
   1.5158327e+02
   1.4986884e+02
   1.4813335e+02
   1.4612694e+02
   1.4342785e+02
   1.4027934e+02
   1.3710680e+02
   1.3422251e+02
   1.3151662e+02
   1.2951124e+02
   1.2802772e+02
   1.2707460e+02
   1.2690090e+02
   1.2747186e+02
   1.2997923e+02
   1.3416758e+02
   1.3973805e+02
   1.4918451e+02
   1.6040509e+02
   1.7188352e+02
   1.8354657e+02
   1.9618988e+02
   2.0817239e+02
   2.1949753e+02
   2.2966097e+02
   2.3874635e+02
   2.4680403e+02
   2.5375551e+02
   2.5985531e+02
   2.6443991e+02
   2.6770985e+02
   2.7021733e+02
   2.7097244e+02
   2.6994632e+02
   2.6801008e+02
   2.6494501e+02
   2.6029730e+02
   2.5550278e+02
   2.5032575e+02
   2.4502666e+02
   2.3985710e+02
   2.3499438e+02
   2.3029466e+02
   2.2554567e+02
   2.2081611e+02
   2.1657391e+02
   2.1239640e+02
   2.0774706e+02
   2.0329043e+02
   1.9875688e+02
   1.9433521e+02
   1.8989438e+02
   1.8531567e+02
   1.8090126e+02
   1.7734147e+02
   1.7480445e+02
   1.7254150e+02
   1.7064316e+02
   1.6915127e+02
   1.6793937e+02
   1.6677377e+02
   1.6538748e+02
   1.6386004e+02
   1.6266185e+02
   1.6145105e+02
   1.6030489e+02
   1.5933028e+02
   1.5846256e+02
   1.5778439e+02
   1.5706310e+02
   1.5633836e+02
   1.5629924e+02
   1.5623884e+02
   1.5615333e+02
   1.5574715e+02
   1.5518836e+02
   1.5439772e+02
   1.5250761e+02
   1.5036610e+02
   1.4830446e+02
   1.4630501e+02
   1.4432124e+02
   1.4231558e+02
   1.4027583e+02
