   5.9441363e+01
   5.8573204e+01
   5.7875107e+01
   5.7341817e+01
   5.6938018e+01
   5.6673746e+01
   5.6542390e+01
   5.6556806e+01
   5.6746433e+01
   5.7123117e+01
   5.7536107e+01
   5.7889205e+01
   5.8272895e+01
   5.8583983e+01
   5.8946665e+01
   5.9344494e+01
   5.9876693e+01
   6.0487998e+01
   6.1057209e+01
   6.1585930e+01
   6.2054032e+01
   6.2481555e+01
   6.2813804e+01
   6.3142873e+01
   6.3454212e+01
   6.3676468e+01
   6.3992006e+01
   6.4259748e+01
   6.4519207e+01
   6.4785473e+01
   6.4670191e+01
   6.3971754e+01
   6.3142598e+01
   6.2560655e+01
   6.1926737e+01
   6.1260484e+01
   6.0698179e+01
   6.0339196e+01
   5.9993853e+01
   5.9674691e+01
   5.9393386e+01
   5.9116233e+01
   5.8922931e+01
   5.8920581e+01
   5.8964767e+01
   5.9261871e+01
   5.9929138e+01
   6.0797164e+01
   6.1575832e+01
   6.2492982e+01
   6.3346047e+01
   6.4113020e+01
   6.4705257e+01
   6.5399279e+01
   6.5951322e+01
   6.6497354e+01
   6.6860571e+01
   6.7159862e+01
   6.7255058e+01
   6.7281822e+01
   6.7289304e+01
   6.7239834e+01
   6.7278263e+01
   6.7378900e+01
   6.7401707e+01
   6.7351269e+01
   6.7290898e+01
   6.7319183e+01
   6.7358390e+01
   6.7345526e+01
   6.7323031e+01
   6.7299559e+01
   6.7309166e+01
   6.7376785e+01
   6.7398054e+01
   6.7343520e+01
   6.7193166e+01
   6.6796274e+01
   6.6322688e+01
   6.5918371e+01
   6.5866185e+01
   6.6053042e+01
   6.6073864e+01
   6.6022815e+01
   6.5967284e+01
   6.5876825e+01
   6.5731559e+01
   6.5452113e+01
   6.5173151e+01
   6.4978722e+01
   6.4820052e+01
   6.4890926e+01
   6.5062833e+01
   6.5380919e+01
   6.6127281e+01
   6.6764158e+01
   6.7328918e+01
   6.7919228e+01
   6.8531369e+01
   6.9166819e+01
   6.9836080e+01
   7.0521854e+01
   7.1604656e+01
   7.2786723e+01
   7.4008676e+01
   7.5182314e+01
   7.6321496e+01
   7.7516580e+01
   7.8465816e+01
   7.9051408e+01
   7.9130956e+01
   7.8078601e+01
   7.7029375e+01
   7.6282536e+01
   7.6050668e+01
   7.6384139e+01
   7.6987267e+01
   7.7237200e+01
   7.6663177e+01
   7.6099135e+01
   7.5943494e+01
   7.6293326e+01
   7.6977724e+01
   7.7582157e+01
   7.7199053e+01
   7.6454890e+01
   7.5865351e+01
   7.5537557e+01
   7.5543805e+01
   7.6204580e+01
   7.7483347e+01
   7.9078386e+01
   8.0858277e+01
   8.2739647e+01
   8.4769913e+01
   8.6930272e+01
   8.9354018e+01
   9.1709381e+01
   9.4429629e+01
   9.7946962e+01
   1.0210614e+02
   1.0684750e+02
   1.1160668e+02
   1.1595862e+02
   1.1945908e+02
   1.2209396e+02
   1.2409748e+02
   1.2552423e+02
   1.2651671e+02
   1.2735111e+02
   1.2815669e+02
   1.2865084e+02
   1.2910884e+02
   1.2954207e+02
   1.2985414e+02
   1.3010243e+02
   1.3009515e+02
   1.3025838e+02
   1.3087161e+02
   1.3205822e+02
   1.3328252e+02
   1.3434939e+02
   1.3562760e+02
   1.3711760e+02
   1.3872224e+02
   1.4033909e+02
   1.4187128e+02
   1.4326374e+02
   1.4452737e+02
   1.4579724e+02
   1.4687819e+02
   1.4783796e+02
   1.4854333e+02
   1.4907477e+02
   1.4910473e+02
   1.4901040e+02
   1.4927619e+02
   1.4942990e+02
   1.4963652e+02
   1.4979093e+02
   1.5011490e+02
   1.5013183e+02
   1.5038305e+02
   1.5071250e+02
   1.5078291e+02
   1.5073207e+02
   1.4986073e+02
   1.4570803e+02
   1.4036049e+02
   1.3554658e+02
   1.3133209e+02
   1.2818056e+02
   1.2591161e+02
   1.2408888e+02
   1.2256353e+02
   1.2094884e+02
   1.1925246e+02
   1.1754139e+02
   1.1572989e+02
   1.1401859e+02
   1.1239904e+02
   1.1106198e+02
   1.1127761e+02
   1.1251432e+02
   1.1412577e+02
   1.1610644e+02
   1.1774665e+02
   1.1930947e+02
   1.2087262e+02
   1.2232089e+02
   1.2360507e+02
   1.2478100e+02
   1.2569232e+02
   1.2640747e+02
   1.2713776e+02
   1.2744031e+02
   1.2748764e+02
   1.2717581e+02
   1.2657715e+02
   1.2596904e+02
   1.2446611e+02
   1.2275608e+02
   1.2102307e+02
   1.1936101e+02
   1.1795084e+02
   1.1710296e+02
   1.1653284e+02
   1.1601248e+02
   1.1536284e+02
   1.1475690e+02
   1.1428202e+02
   1.1363401e+02
   1.1311968e+02
   1.1264195e+02
   1.1200076e+02
   1.1188765e+02
   1.1195326e+02
   1.1179234e+02
   1.1138645e+02
   1.1090860e+02
   1.0966275e+02
   1.0775100e+02
   1.0567621e+02
   1.0339058e+02
   1.0109188e+02
   9.9015941e+01
   9.7108481e+01
   9.5351879e+01
   9.3755158e+01
   9.1558428e+01
   8.9703244e+01
   8.8393902e+01
   8.7568426e+01
   8.7133843e+01
   8.6773402e+01
   8.6442286e+01
   8.6393922e+01
   8.6526109e+01
   8.6478989e+01
   8.6240646e+01
   8.5778600e+01
   8.5553828e+01
   8.5359211e+01
   8.5232448e+01
   8.5623651e+01
   8.5932102e+01
   8.5834778e+01
   8.5461629e+01
   8.5060504e+01
   8.4843976e+01
   8.4909206e+01
   8.4834371e+01
   8.4645349e+01
   8.4739782e+01
   8.5049931e+01
   8.5612589e+01
   8.6091186e+01
   8.6346202e+01
   8.6542098e+01
   8.6573726e+01
   8.6503259e+01
   8.6588159e+01
   8.6588307e+01
   8.6359988e+01
   8.5764487e+01
   8.5031198e+01
   8.4469235e+01
   8.4152247e+01
   8.3777488e+01
   8.3431956e+01
   8.3016379e+01
   8.2326570e+01
   8.1727307e+01
   8.0973389e+01
   8.0286239e+01
   7.9514100e+01
   7.8163850e+01
   7.7021952e+01
   7.4444065e+01
   7.1467294e+01
   6.9135532e+01
   6.7264858e+01
   6.5210118e+01
   6.3642850e+01
   6.2757709e+01
   6.2247604e+01
   6.2265083e+01
   6.2502639e+01
   6.2766392e+01
   6.2790405e+01
   6.2194372e+01
   6.1501580e+01
   6.0559813e+01
   5.9496129e+01
   5.8693681e+01
   5.7894682e+01
   5.7106418e+01
   5.6609366e+01
   5.6306739e+01
   5.6078064e+01
   5.6055241e+01
   5.6032423e+01
   5.6058958e+01
   5.6023432e+01
   5.6170521e+01
   5.6477220e+01
   5.7077521e+01
   5.8220741e+01
   5.9616745e+01
   6.1016238e+01
   6.2490741e+01
   6.4003840e+01
   6.5598958e+01
   6.7653854e+01
   6.9643497e+01
   7.1498531e+01
   7.3149839e+01
   7.4622311e+01
   7.6017792e+01
   7.7203020e+01
   7.8310157e+01
   7.9043372e+01
   7.9039189e+01
   7.9040913e+01
   7.8871487e+01
   7.8508954e+01
   7.8079869e+01
   7.7627814e+01
   7.6903154e+01
   7.5977515e+01
   7.4862616e+01
   7.3815927e+01
   7.2712193e+01
   7.1593543e+01
   7.0610475e+01
   6.9732845e+01
   6.8786880e+01
   6.7827045e+01
   6.6534296e+01
   6.5216753e+01
   6.4118401e+01
   6.3150224e+01
   6.2191137e+01
   6.1246322e+01
   6.0345118e+01
